00000 000001
00000 000035
00001 000035
00001 001074
00002 001074
00002 001242
00003 001242
00003 001245
00004 001245
00004 001252
00005 001252
00005 001264
00006 001264
00006 001287
00007 001287
00007 001677
00008 001677
00008 001769
00009 001769
00009 001887
00010 001887
00010 002009
00011 002009
00011 002269
00012 002269
00012 002319
00013 002319
00013 002807
00014 002807
00014 002949
00015 002949
00015 002992
00016 002992
00016 002997
00017 002997
00017 002999
00018 002999
00018 003007
00019 003007
00019 003012
00020 003012
00020 003014
00021 003014
00021 003029
00022 003029
00022 003037
00023 003037
00023 003042
00024 003042
00024 003044
00025 003044
00025 003109
00026 003109
00026 003532
00027 003532
00027 003556
00028 003556
00028 003639
00029 003639
00029 003879
00030 003879
00030 003919
00031 003919
00031 003954
00032 003954
00032 003962
00033 003962
00033 003967
00034 003967
00034 003969
00035 003969
00035 004038
00036 004038
00036 004040
00037 004040
00037 004054
00038 004054
00038 004067
00039 004067
00039 004069
00040 004069
00040 004077
00041 004077
00041 004101
00042 004101
00042 004107
00043 004107
00043 004114
00044 004114
00044 004122
00045 004122
00045 004178
00046 004178
00046 004398
00047 004398
00047 004618
00048 004618
00048 004658
00049 004658
00049 004718
00050 004718
00050 004742
00051 004742
00051 004747
00052 004747
00052 004749
00053 004749
00053 005147
00054 005147
00054 005152
00055 005152
00055 005162
00056 005162
00056 005167
00057 005167
00057 005278
00058 005278
00058 005664
00059 005664
00059 006197
00060 006197
00060 006307
00061 006307
00061 006312
00062 006312
00062 006314
00063 006314
00063 006417
00064 006417
00064 006637
00065 006637
00065 006787
00066 006787
00066 006927
00067 006927
00067 007367
00068 007367
00068 007647
00069 007647
00069 007817
00070 007817
00070 007987
00071 007987
00071 008207
00072 008207
00072 008211
00073 008211
00073 008215
00074 008215
00074 008377
00075 008377
00075 008567
00076 008567
00076 008642
00077 008642
00077 008722
00078 008722
00078 008729
00079 008729
00079 009047
00080 009047
00080 009073
00081 009073
00081 009076
00082 009076
00082 009177
00083 009177
00083 009268
00084 009268
00084 009274
00085 009274
00085 009277
00086 009277
00086 009279
00087 009279
00087 009282
00088 009282
00088 009284
00089 009284
00089 009287
00090 009287
00090 009290
00091 009290
00091 009292
00092 009292
00092 009294
00093 009294
00093 009297
00094 009297
00094 009299
00095 009299
00095 009302
00096 009302
00096 009305
00097 009305
00097 009307
00098 009307
00098 009309
00099 009309
00099 009312
00100 009312
00100 009314
00101 009314
00101 009317
00102 009317
00102 009319
00103 009319
00103 009322
00104 009322
00104 009324
00105 009324
00105 009967
00106 009967
00106 010017
00107 010017
00107 010057
00108 010057
00108 010107
00109 010107
00109 010157
00110 010157
00110 010268
00111 010268
00111 010437
00112 010437
00112 010487
00113 010487
00113 010607
00114 010607
00114 010666
00115 010666
00115 010668
00116 010668
00116 010672
00117 010672
00117 010675
00118 010675
00118 010677
00119 010677
00119 010727
00120 010727
00120 010986
00121 010986
00121 011260
